steps: 100, learning rate: 0.05, batch size: 25
Loss History for QCNN circuits, U_SU4  with mse, 1 repeated layers
Model: Ising
Binary: False
[0.2991153122472724, 0.27247102705419823, 0.10551157333681825, 0.13314293080326403, 0.08993796327112992, 0.06059355200060819, 0.06128585215191276, 0.0434204644004059, 0.027900071429426826, 0.016556034906044386, 0.017664713654731684, 0.010183496399268688, 0.008663941649095914, 0.008337067362331873, 0.010343947752851577, 0.014191399635023819, 0.009212684347158108, 0.006654832993259885, 0.005509296958600771, 0.004029662647658907, 0.0018830663417008237, 0.0015754126315405442, 0.0011554093847304923, 0.0007311291595181984, 0.0005697759264341434, 0.001921484655941325, 0.0027309510229247265, 0.0017084509410175948, 0.0017530825650207149, 0.0015431273672681675, 0.0016113599089100945, 0.0009165039961101576, 0.0005105654065434475, 0.000700061876217404, 0.0004957966058768906, 0.0006808619266574253, 0.0007470142014101652, 0.0006999546210746148, 0.0010838848708206923, 0.0006148199933593397, 0.0006476155645464197, 0.0005191723033140508, 0.00048698798261052526, 0.0003517495569340323, 0.0002329449499086537, 0.0001246640195202669, 0.00026711614135697584, 0.00037628030529010656, 0.00020736261204934984, 0.0003238570175388755, 0.000478467268028983, 0.0002677728185804295, 0.00018311488017901809, 0.00014408667284812154, 0.00010426738252266886, 0.00011331310763721474, 0.00010600761307110479, 0.00014347978569780723, 0.000121532494362208, 9.66866882800472e-05, 0.00011953454690257983, 7.581698849483202e-05, 6.559546454392963e-05, 6.294980768185274e-05, 8.876474397804279e-05, 6.272400676695979e-05, 5.041640850343859e-05, 5.641134323657523e-05, 5.303862730653524e-05, 7.726514545972536e-05, 9.006677950260118e-05, 3.962293437808762e-05, 4.829353336503041e-05, 3.800139402465312e-05, 3.7845502027723017e-05, 4.054464669059113e-05, 3.0701663798788326e-05, 3.189603742156925e-05, 3.874096007663583e-05, 2.910745516448316e-05, 2.2439140268553578e-05, 1.975587300632395e-05, 2.2314714947690826e-05, 3.074322849029732e-05, 2.5131399593243576e-05, 2.5722738584983895e-05, 2.758256206160574e-05, 3.077929917366691e-05, 1.8916613560981024e-05, 1.7564297552781266e-05, 1.977314327176706e-05, 2.3345338112175533e-05, 3.0410010551403045e-05, 2.4634500246666317e-05, 1.683004779420603e-05, 2.4822641582679725e-05, 1.7269484187703996e-05, 1.7373723084211144e-05, 8.586073240198022e-06, 1.8279764527419e-05]
Accuracy for U_SU4 :1.0
Parameters:[ 0.34484976 -0.28182233 -0.97583034 -1.50284213 -1.575846    1.65898698
 -0.85920524  0.40488789 -1.57277551  0.44711323 -0.61537749 -0.39033801
 -2.24276353 -2.64576165 -1.09133645 -0.33006222  0.32891585  0.47062225
  0.17388104 -0.55350894  0.05721447  1.61864024  1.57273429 -1.53038872
 -0.00724897  1.20235452  0.01119348 -1.69642161  0.13043329 -0.33715001
  0.11057712  0.47717991  0.97122175  1.30935699 -0.23240944 -0.66083709
  0.04738152 -2.70902228  0.06163599 -0.21079841  0.77414923 -0.70443353
  0.39859975 -0.31522218 -1.54637845 -0.57939689  0.7585887  -0.4308167
  0.15577493 -1.06197993 -0.35725969]


steps: 100, learning rate: 0.05, batch size: 25
Loss History for QCNN circuits, U_SU4  with mse, 1 repeated layers
Model: SPT
Binary: False
[0.36331565299303537, 0.15572796319743212, 0.2783482547187739, 0.3514908527182827, 0.23187433577821495, 0.14404617798436756, 0.16650169653788097, 0.1696868451641682, 0.1570428199738851, 0.18694822278018552, 0.2034066006666922, 0.16473715736809857, 0.10287778612531079, 0.15075711121263968, 0.13508793161448243, 0.09357841364018543, 0.11440653066936825, 0.12504660460410197, 0.09812934221273997, 0.09643111779944698, 0.12167423578093443, 0.07932890924138367, 0.12300466084089097, 0.11887584629240282, 0.10282577334250272, 0.04707384299774823, 0.09767693015528374, 0.06481021935575876, 0.0477893098312835, 0.06259508528318189, 0.09423851073706638, 0.06527985148655376, 0.057017075243320496, 0.046288340681418044, 0.07436222464072235, 0.056975955734972494, 0.05090384721040102, 0.050514177975184496, 0.07872329923337243, 0.05063998385852265, 0.04483553348301835, 0.07322175433482811, 0.05144988607833675, 0.031073732673201522, 0.04508046932252698, 0.05150162192203037, 0.07637631659800595, 0.023828572432742598, 0.0520048486219863, 0.037133592017203655, 0.04375832239134039, 0.03110795488259058, 0.02799510495298168, 0.037758224841727424, 0.026824161260365208, 0.02791466681556277, 0.02506437229135924, 0.02064956344098534, 0.013764029282758928, 0.020303480706308254, 0.015515651283520228, 0.028934390284399054, 0.024770824604255007, 0.029582496723142185, 0.03044847329913143, 0.013945725606399591, 0.022479293663801202, 0.016748864533240405, 0.016628876826711877, 0.014377950008233975, 0.017429445622084646, 0.008781719920695309, 0.0207181997395953, 0.014306292013654267, 0.009056884858062502, 0.01492239264872344, 0.015445192559609444, 0.02047221252576379, 0.015190286033081429, 0.008449606132625333, 0.02103830614058211, 0.0162851901089521, 0.011991757519333283, 0.012240039253283258, 0.007414171551439566, 0.008525889121698845, 0.016495766630836114, 0.013238244184168347, 0.008905954319863386, 0.009411991315542547, 0.013186454937091476, 0.013347387569823076, 0.009792576066026076, 0.012547034698301249, 0.009867823498923053, 0.0161771373608278, 0.00945462069027702, 0.006705346148759283, 0.011827098651495345, 0.010926467052223032]
Accuracy for U_SU4 :0.925
Parameters:[-0.35130076  2.20147317  0.4685366  -0.11863158 -1.02904303  0.23908072
 -1.23517294  0.27082562  1.18944713  0.05485146  1.69398049  0.98168833
 -2.10962073 -0.8272562   0.49564486 -1.56368582 -0.58283765  0.83238825
  0.01620159 -1.326686   -0.41372758 -0.24921912 -2.30927844  0.3357681
  1.26383322 -1.44975513 -0.55086913  1.07589775  0.74656593 -2.29108514
 -1.28677819  1.81730066 -1.16639177  2.20526573  0.63912209  0.30178217
 -1.14256607  0.70645885  1.58831076 -0.85044413  2.16992461 -0.72336096
  0.68924927  0.46234245 -2.07298505  1.01307697  0.64194001 -0.1594233
 -1.12720285  0.91683663  2.22453806]


steps: 200, learning rate: 0.05, batch size: 25
Loss History for QCNN circuits, U_SU4  with cross_entropy, 1 repeated layers
Model: Ising
Binary: True
[17.254730351106044, 15.895554217842044, 15.343270606666085, 15.03972895464082, 12.897927740121121, 14.33239712982508, 12.829365408489322, 14.276270447786864, 14.136792444718727, 13.718723623203617, 13.119479863947763, 13.588965630023154, 14.373986566993844, 13.954095811331143, 12.726829804234118, 12.070165035676068, 9.683709735197723, 13.3860325464153, 13.21397829035454, 12.14275078941758, 13.70020234111636, 11.34043468511783, 11.508815057905377, 11.76691058289853, 11.30388973721568, 11.292606883336637, 12.254905275081041, 12.666235163215317, 10.987601764207094, 13.414059082020882, 12.747843958684483, 11.457994971468114, 11.896139169248954, 11.852435598442325, 12.284509631759017, 12.08839671232647, 12.765116701785884, 11.133024548198728, 12.32871507745705, 14.333634008725538, 11.473046386418954, 11.615472268391505, 11.703577115123403, 9.385051729637457, 11.391940999712155, 14.290662835356635, 12.441902412082745, 10.774159901933738, 14.376763957205405, 12.749697832303415, 12.565244361276143, 11.962493252838126, 12.326631260234045, 12.133838801323517, 10.440431703147512, 11.14169364492374, 11.247976918753201, 13.333554821882776, 15.473695070751292, 10.047789631118189, 13.73697490577636, 9.3770032831241, 10.766370218593842, 11.670934735722666, 11.693019755434376, 12.515712385816189, 10.8424523579223, 11.842325860257056, 12.325608998724986, 11.346265365451387, 11.814867458053632, 11.997145147767174, 11.162527722960279, 10.342020611415421, 11.574978464029765, 11.603074727770878, 12.010027612386338, 11.462553035420356, 12.35512026733243, 10.069785941315551, 11.441394614814811, 11.142451365732542, 14.170390244790502, 12.346708176886544, 12.31784012681453, 13.747391269785526, 9.658252406985422, 10.413017298571498, 11.451678496916578, 10.666806842944228, 13.165525037029616, 12.305800634409184, 13.378276717927978, 13.103570657113261, 11.240448007826327, 12.183809032728457, 14.084030272333758, 11.742010150603717, 10.511685723723662, 12.125768156953464, 12.124680213498293, 11.309101264950831, 12.894760159123225, 12.511622099137819, 11.362247006604688, 9.355945996946568, 12.724922720511868, 10.786876291086509, 11.193859691683597, 11.63242890361201, 12.709109127479627, 11.651565387441455, 12.98214730379427, 11.189012553102671, 13.800197968719027, 11.897661349542064, 9.768374617904524, 11.320486203212303, 11.777091247919026, 12.657159583294765, 11.207234224898173, 12.322077591413704, 11.324104752583478, 12.742208526652544, 12.362331645861365, 9.878902800935586, 8.717681710229964, 11.371042315940517, 11.055141647705995, 10.96888158930223, 12.080428036492062, 13.364371359964842, 9.266269986060687, 11.222596648977566, 11.317847158896162, 11.853892391339159, 11.723438752854676, 12.299422975663951, 10.990031120867851, 8.855134404680609, 10.241611761268043, 10.749174594792024, 10.874680698504845, 11.975603616492469, 11.226644871723732, 9.274694627259478, 12.538939172998557, 11.233552027635652, 11.770939794997794, 12.662892320888927, 12.476705514360056, 11.312920112248863, 9.050125719295119, 12.147258515610561, 9.358165047540616, 10.801748149601627, 10.308274115994898, 11.340603567138466, 10.685820092051358, 10.63020675967194, 12.94838718416923, 11.804748097221964, 8.752124452152625, 8.832313213090265, 8.718825906344147, 10.743282014959101, 11.770678491866521, 12.236632200663518, 12.277799161472984, 11.76644097599374, 14.7237233577018, 9.12236516862623, 13.148353256452518, 11.610308436778745, 11.814201264132052, 11.780439444773325, 11.87226919811675, 8.608237874845235, 12.60096197256132, 12.205931906920322, 10.633355696392094, 12.065843247089086, 11.811387625110862, 11.981569722570692, 11.371683533140985, 13.025314898862721, 12.350707534481987, 11.982023681644181, 9.527974841783134, 12.636372292517187, 12.76791192990285, 11.512329270044386, 13.077434268636091, 11.046100014018815, 11.4706419432171, 12.653721953288464, 11.487749581600644, 10.446159850694496, 10.254036812139695, 12.357309254090353]
Accuracy for U_SU4 :0.8592
Parameters:[-1.67052715 -0.13960295 -1.44263913  1.42629904 -1.57699025 -1.42661246
 -0.0522651   0.36006748 -0.67960293  1.95330868  0.33351853  0.5308162
  1.97197246  2.56194399 -0.75842963 -1.17872073  0.16903734 -0.0448714
  0.19966097 -0.69506634 -0.44336661  0.98345108 -0.14492528  0.4575735
  0.06297951 -0.29277664  1.20919848 -0.9150824  -1.27277018  0.6203437
  1.24970541  0.25263028 -0.04389448 -0.3078665  -1.1703178   0.46131751
 -0.63067362 -0.61068373  0.27886913 -1.64106485  0.68796445 -0.69708568
 -0.82012701  0.58291784  0.52630972 -0.13215771  0.05656713 -0.16384511
  0.20406278  0.12460617 -0.27353643]


steps: 200, learning rate: 0.05, batch size: 25
Loss History for QCNN circuits, U_SU4  with cross_entropy, 1 repeated layers
Model: SPT
Binary: True
[18.647497703947693, 17.145238033670193, 16.625023274182734, 15.970817374639696, 15.093067785738352, 14.931256153871466, 14.581257456280154, 14.804887634109008, 15.978548600825684, 13.606395549567337, 14.013329428523907, 13.688622754849622, 13.616396902425388, 13.563842182348344, 12.303036273232175, 13.287645746944015, 12.701603190153778, 11.695829326901428, 11.0440105575556, 11.40930884693807, 12.740231646371477, 11.442812510857863, 13.522796557988283, 12.763783846238995, 12.302185281435149, 12.289221959546538, 11.312878585176133, 11.592459581841219, 10.049259865859726, 11.973508642986474, 12.108352121645437, 10.13979579229488, 11.795152674289564, 11.591661919135841, 10.340238518711818, 12.05376996098599, 13.315228441418355, 11.93143782913961, 10.514777361067678, 10.99013562781286, 11.450126740490385, 10.366989578983496, 12.968924357846504, 12.223301582637951, 9.437465387254647, 11.90083389938948, 9.982670076507622, 12.921069219833893, 12.703066873270792, 12.493713390710695, 8.25344976973846, 11.38495155024683, 11.983520813842102, 11.625249896027073, 10.469596360962475, 12.620438901112175, 13.854053655144153, 11.710879145744967, 13.758723945905988, 12.696117163794424, 13.742969920618844, 11.742638636966145, 12.605542982436232, 12.495222258181801, 10.965168130478089, 11.528184483494744, 9.316816883792109, 9.917667688835184, 13.413442199972051, 13.605515300000606, 10.821518391578016, 12.214954456827671, 10.63058987308793, 12.450481323064809, 10.778994758745435, 9.3561410592201, 11.637022338980039, 12.758368637952547, 10.917588917727839, 10.102937600844278, 12.427874686581964, 11.694909523483359, 10.694479410860465, 12.451001837908223, 9.162679798117647, 13.432424514727389, 10.991355986843827, 11.210926306704495, 12.103135598878243, 11.264656393053839, 10.80394526880538, 13.227856239233047, 12.2367909433335, 11.581375207808813, 8.393125047827906, 8.836402387489587, 12.621660222753775, 11.081315594888023, 13.640700983054549, 12.269844183811127, 10.712639006458199, 10.124569692394408, 11.002653641746942, 9.713520325940081, 9.954989711387004, 11.348758195998272, 11.681111503408511, 11.637783183131075, 11.820600372053553, 13.635494698864902, 11.841251419084458, 13.638652606350684, 11.341941108014817, 15.149533149490836, 9.515327418529237, 10.69938085431563, 10.416010996566394, 9.944792436698561, 10.054644373182375, 10.241105910149729, 13.61397183559285, 9.184600095345715, 9.558724433348317, 12.20983755899352, 10.567883979664952, 10.716689136003106, 12.831888125708481, 9.295183237113656, 9.522834185441052, 14.147972938278055, 9.622595405824173, 9.628844362767031, 11.175072006059034, 9.550315594334329, 10.565804671696188, 12.21304226299952, 11.177180296139506, 9.834717270958432, 12.546292804458975, 11.745834804898324, 11.614759971373719, 11.867438664837465, 14.536998160652129, 12.407963062537503, 10.901924506638167, 10.705458028790277, 9.457004109746567, 13.363206176657396, 12.917130317619407, 10.945376027024638, 12.167099003495565, 12.668244322219595, 11.453632087122, 12.982609304281542, 10.943148651915003, 12.417694686173729, 12.38518811685954, 10.569469057081983, 12.660030620349415, 12.500457522060444, 12.39221491463287, 10.375640808967162, 11.046812460045988, 11.92037308142616, 12.307316101318408, 12.163640123156025, 13.564306773780576, 12.656656218296432, 13.451035312608836, 9.452124271365435, 10.535172616718103, 10.723948795688777, 10.81736512024982, 11.08139204542989, 12.965623995407142, 14.302481088299242, 11.718445056459565, 9.4225063444258, 11.811087500231308, 10.760128061885876, 11.37555950179164, 12.588798653663929, 12.781010326442013, 9.65747072857221, 10.236048363057145, 11.215226666117655, 12.261024215460694, 13.019529097705476, 11.209556807172957, 11.851106577658177, 11.044022062691022, 11.800780346002218, 9.694857557496324, 10.869582616511783, 10.721100837875808, 11.740534452281523, 9.617426122480708, 9.876319849097085, 10.982928114967047, 13.011150588359603]
Accuracy for U_SU4 :0.783
Parameters:[ 1.34997347 -0.5961782  -0.22721047  1.32389429  0.80475892  0.68645118
  0.78866999 -1.01863644  0.36911719 -0.82536382 -1.28512757 -0.33128837
  0.89345912 -0.10464479  1.34334647 -0.56378938  0.91228888  0.10069741
 -1.36509387  1.14734965  0.14618884  0.93462035 -0.56671156  0.07655294
 -1.36675415 -0.87182582  0.53219541 -0.64893055 -0.88277993  0.18293593
 -0.07694187  0.51850771  0.72463968  0.26355864 -0.27837084  0.6427979
 -1.66253992  0.80206577 -0.948372   -0.2791456  -0.85325911  0.26414673
 -0.54576039 -1.14766264 -2.4007109   1.59266456  0.9674669  -2.21023545
 -2.59493948  1.59054295 -0.16058579]


###########################################################################################

steps: 100, learning rate: 0.05, batch size: 25
Loss History for QCNN circuits, U_SU4  with mse, 1 repeated layers
Model: SPT
Binary: False
[0.3197095765699504, 0.2832400173701952, 0.2712337963875195, 0.35341932922575103, 0.20231047429244897, 0.2132063735100994, 0.15187998191368487, 0.17690748595357175, 0.14400781037325905, 0.16582768326394842, 0.092931456770213, 0.11106135146841116, 0.1481809544644375, 0.18382819227947744, 0.13386937924725414, 0.10338044904665016, 0.10234365348951195, 0.1175016500679902, 0.11592898189858397, 0.08848740893944558, 0.14662067518225577, 0.14848647850352814, 0.09502851615880674, 0.09263353391445835, 0.06699025531567067, 0.06747871297137016, 0.10084237833257303, 0.04648932732816375, 0.07802196617478586, 0.0883818786186097, 0.07441705218715415, 0.06324956418831025, 0.0576937226970185, 0.056882857783752704, 0.059540076414974, 0.05890832865627478, 0.07094998485441098, 0.06097059270719579, 0.057306519695626994, 0.049489174727897864, 0.08922629494200753, 0.06627709026923022, 0.051018780841093195, 0.0544137152661849, 0.06272380320743991, 0.06968627002177463, 0.04583613174133341, 0.036381805489668864, 0.041924306352759774, 0.04614818364659138, 0.0714196005423749, 0.03951039545856713, 0.06331121807081774, 0.06170035643562064, 0.02453587830888832, 0.06128037937730026, 0.04843018132592894, 0.04142538645435368, 0.03754623733139164, 0.055696663232481056, 0.027195038200025713, 0.07018763671805213, 0.055053916078227856, 0.031074929372694328, 0.029479500734294457, 0.05050334614502743, 0.04525082977049144, 0.05857465208457753, 0.08294829381707222, 0.03811742577391462, 0.058147221773325514, 0.04946096399039392, 0.027534600168350683, 0.03700946556996565, 0.01938126876896974, 0.0498281376200867, 0.052094915602498945, 0.048132699300473966, 0.0499100792769635, 0.059650881667377274, 0.049298573221876606, 0.024116684736480168, 0.033782926880973695, 0.026442939634419824, 0.05305793462701129, 0.06622127734728604, 0.03702535297494733, 0.06266595171691738, 0.040751311836186785, 0.05669343590201991, 0.04599431068175927, 0.05438992042257561, 0.039844268800887324, 0.06554279712810719, 0.06014539661275026, 0.04980030217719583, 0.026888463003776883, 0.05637093006899388, 0.042160263020987326, 0.030207322615002336]
Accuracy for U_SU4 :0.843
Parameters:[ 0.96339994  1.16504286 -1.43560214  0.58906534 -0.389165    0.20001567
  0.42990298 -0.67474796 -1.16907665  2.51502659 -0.18183734 -0.29239506
  1.22081306  0.3579268   0.76347072 -1.22220812  1.35770506  0.68360328
  0.47950661 -0.60616471  1.11682596 -1.33873981  0.32674084 -1.3113526
  0.5364781  -1.87868315  0.06652271 -0.46523466 -0.06936371 -0.29693621
  0.01061161  0.99694321  0.78529419 -1.02416837 -0.85325271 -0.13017371
 -0.18230587  1.33667731 -0.57172831  1.50697003 -0.59135046  0.40690079
 -1.22859235  1.08389831  1.15356175  1.27386114  0.39410107 -1.8150887
 -2.10905832  0.6801998  -0.04061159]


steps: 200, learning rate: 0.05, batch size: 25
Loss History for QCNN circuits, U_SU4  with mse, 1 repeated layers
Model: SPT
Binary: False
[0.48804559815267756, 0.18300330654052954, 0.24826998562005667, 0.23394874564654203, 0.19262320564560192, 0.1887844816086033, 0.14304714924486886, 0.1420589707940558, 0.17223195845391687, 0.1302424077976214, 0.09680641719253101, 0.12775337252007046, 0.10730866005014619, 0.09312396966290284, 0.08942529831365881, 0.13860225833691123, 0.061750326277654366, 0.09443203113186495, 0.10019840485830453, 0.07792234384244724, 0.07211914028610902, 0.07966075227104268, 0.08502081549999291, 0.05754993129062064, 0.09414075321468406, 0.08905761293807078, 0.0790118716123316, 0.04667571359213583, 0.09429866977164612, 0.0612436684384401, 0.034276392466480426, 0.059724341212590154, 0.03980725294934998, 0.03862521048047748, 0.03522626103919326, 0.06978734587197752, 0.04044959754274594, 0.04495159508995524, 0.03249007720703267, 0.06645499564921327, 0.04984646419800052, 0.04874204536753524, 0.04588878328681276, 0.04643389026854027, 0.045346859443202596, 0.03625469236706527, 0.033916050061853206, 0.029510942770731168, 0.03998327874537448, 0.02687110404979205, 0.03511796784737037, 0.047261571074259844, 0.037969454657746524, 0.039525102184538335, 0.04166003558283566, 0.030494215144859674, 0.05200760353153299, 0.0343622246139035, 0.03139518565672638, 0.04452178187067773, 0.02352778754605497, 0.04630749812071219, 0.03954560224872483, 0.03648790348666035, 0.02142997084469997, 0.04978972406682753, 0.030021764573807518, 0.04693858351900451, 0.033296284834713516, 0.0420610218352267, 0.050323873953597255, 0.025921659543297136, 0.04580688359490934, 0.03659660398758752, 0.042068722757667994, 0.03463754623616759, 0.03738240907064894, 0.03844545590989067, 0.042207194757856496, 0.016185438054083467, 0.03978093800707043, 0.03176672750923261, 0.026694483051322895, 0.04073031685494997, 0.021714635145374042, 0.02904983478291122, 0.0416784657856591, 0.035338885037503306, 0.023977603853232374, 0.03967935981113947, 0.02713764061503164, 0.037558140555759706, 0.02924881254620248, 0.03884814086915462, 0.0320565089938516, 0.01491746647153629, 0.03022831755359512, 0.036415289435417726, 0.025555810257456076, 0.025640798185968445, 0.03306519934701739, 0.04331356349542523, 0.02989963096891463, 0.02794551789577051, 0.03559753426122813, 0.037329098656842, 0.027099707994466947, 0.03157453727152414, 0.03675800642196948, 0.02411441681073867, 0.0278016205471319, 0.02107520904110763, 0.0307720429886639, 0.02846421781810622, 0.02851705256622581, 0.026998548939609766, 0.03168851407356453, 0.03524608601956951, 0.027533078775950553, 0.03745493595211859, 0.018481613492522343, 0.027048166467169822, 0.021544146158997402, 0.037956900908757606, 0.03264729725432289, 0.03088970969418861, 0.024981166332338524, 0.03303808803323953, 0.04629868065487266, 0.028677859072699333, 0.019332043105375053, 0.03212558203762979, 0.02175370562219892, 0.04150849269846457, 0.02330220840970704, 0.014467528969582494, 0.035499221137412044, 0.02994351958403542, 0.02539878723854514, 0.03466639293935179, 0.02568697730677809, 0.025795939668303115, 0.02029182168868318, 0.02926041839617244, 0.023873745061013328, 0.017641709778237993, 0.01944642653498577, 0.020110877765791707, 0.02643491484910141, 0.02280651795410993, 0.03154898794204484, 0.027589237738496995, 0.022100896785982732, 0.02957763039857102, 0.022033864742813054, 0.03056255589721175, 0.023236432123232693, 0.03293593982637629, 0.01977009478915131, 0.025618650889687324, 0.028176735013398874, 0.02990970221792582, 0.015339097286121872, 0.02588277711598983, 0.031624584823143474, 0.02072067019533042, 0.022968341322810754, 0.009199029239766274, 0.024164225108204332, 0.017036286394214114, 0.030824615464642057, 0.03273725980844571, 0.022266659350954364, 0.025204099251141043, 0.03254857395363588, 0.02751868725048461, 0.0163799236472216, 0.024513430314293923, 0.017365794424234814, 0.019743550688995387, 0.02054079551613416, 0.025815475527878592, 0.01738135284440977, 0.008977403445144755, 0.016077272164677314, 0.02061502930622241, 0.016527816078389004, 0.014821185424644947, 0.014959524782683182, 0.01684963031447279, 0.02574416851137603, 0.029910128150421853, 0.013361937792097883, 0.027804854762789648, 0.02093026776250099, 0.0249054392028492, 0.02224132849369187, 0.017658537868113774, 0.01474981837597022, 0.008604212905842784]
Accuracy for U_SU4 :0.8754
Parameters:[ 1.50152691  0.01134103  0.7679803   1.43931425  1.20196002  3.66553592
 -1.47813508  1.04913916 -0.10632825 -0.51771262  0.52174651  0.57305252
 -0.09214513 -0.17958393 -0.12575229  1.06235558 -0.44407962 -0.45301566
  0.61530694  1.54452289  0.33346194 -1.35576236  1.00062196 -0.44011033
  0.93512921  0.96623734  0.74805109 -2.69924193 -3.5073127  -1.0384302
  2.29310105  0.06342262 -0.50515334 -1.23258085 -1.17574157 -0.74604092
 -1.84700779  2.27545944  1.11825412  0.79854842  0.01354263  0.80740295
  1.50361449  3.72259977  0.52363521 -1.25015176 -1.35612852 -0.70730102
 -0.30147428  0.39074976 -3.16695706]


###################################################################################

steps: 200, learning rate: 0.02, batch size: 25
steps: 200, learning rate: 0.02, batch size: 25
Loss History for QCNN circuits, q_SU4  with mse, 1 repeated layers
Model: SPT
Binary: False
[0.4089801821086725, 0.36275506823688936, 0.14389732389608192, 0.19858822620860564, 0.17176281825529396, 0.15539537534923445, 0.12011640137862206, 0.17604138089007038, 0.18690642814888142, 0.1260846591691828, 0.09285568908739439, 0.1393551151885655, 0.1374750776139414, 0.10086099078462891, 0.11599594152419755, 0.08399330908757144, 0.0837807715486349, 0.10501729917248805, 0.11316323250672244, 0.09473775807366883, 0.089932860383391, 0.10143596710914357, 0.11558529989416545, 0.08418911018616065, 0.08199774650565475, 0.0686809967467553, 0.08542828226531855, 0.0531928499890955, 0.07042744808081836, 0.05843773268450079, 0.07279155027267081, 0.06231458170870912, 0.0702609354524783, 0.0540736194874509, 0.055996221731378394, 0.07673523758102899, 0.06552427974064319, 0.05241296622181241, 0.06832671634953623, 0.07272312650596034, 0.05169492328517628, 0.06882605905156958, 0.07110207848422889, 0.04280273470843343, 0.0412561714248374, 0.037137979179225476, 0.06728662962759321, 0.033328521280428305, 0.06184692850320575, 0.047868912817414656, 0.052444846245190545, 0.039538689420841946, 0.02226266029096282, 0.03703799039809433, 0.04276784171577359, 0.039973195501577526, 0.04755867131228295, 0.03343225104389995, 0.05702762791896968, 0.05962018824997079, 0.05054883737237344, 0.03623626472998116, 0.058918428355765065, 0.04999101018655917, 0.061108695457662454, 0.03445315617449082, 0.03735521477622662, 0.06412614033590587, 0.035983522392374775, 0.04293579275467849, 0.038646820241127415, 0.03223088325771378, 0.06024629200587094, 0.04815962761855979, 0.029609890155380694, 0.05036484123504786, 0.02882442540800314, 0.031510352675110556, 0.049746211873562166, 0.04703079307253815, 0.03394466774196429, 0.07169891071527962, 0.04631953574067009, 0.04714812787533124, 0.06203980934596303, 0.039979741879374614, 0.03489563764450051, 0.05135771454114235, 0.04938624436633744, 0.03378347482955809, 0.03697655723665439, 0.03706308812048602, 0.03005390571468791, 0.047473042840046255, 0.03517415179038308, 0.04397157247612423, 0.056226967378896694, 0.027923580348900138, 0.03417915951518478, 0.046260406025917196, 0.026386275481303824, 0.04479625262974407, 0.05102798118296617, 0.04148542286637203, 0.03774586347378799, 0.04399712874481047, 0.02889133199163367, 0.05330254425652254, 0.048980079451380144, 0.0456228958224575, 0.031771328741160516, 0.043897572643494434, 0.0693807419535097, 0.028812930334706534, 0.03158754128445813, 0.028860574523227586, 0.025283300459953778, 0.02968629919039113, 0.03893686500675057, 0.03199011175982298, 0.020301813268251315, 0.03904144993882003, 0.03513020525631973, 0.02777588006762604, 0.06648944936278631, 0.03621714606055833, 0.027451444833211793, 0.038498722406024914, 0.0487367092012342, 0.038993567593219904, 0.020294146588079275, 0.030829029739019936, 0.029906856175530815, 0.04616803228608883, 0.027822396216100866, 0.062326494432930944, 0.036831336871142616, 0.06593602485637579, 0.02759814174930725, 0.030773379863579288, 0.041242179203890277, 0.03795713524339373, 0.04505339483110179, 0.034761814464985184, 0.04042096415042429, 0.04330291618997162, 0.02898882007587835, 0.026102758648618316, 0.04826571825057861, 0.031599245572411325, 0.05005232924684653, 0.02449773402555683, 0.038061338865863464, 0.036344586920900576, 0.0330385825281491, 0.02970970404886944, 0.03527180729614596, 0.040793911492326584, 0.05258198776317134, 0.06100140937618546, 0.02976734503474454, 0.04290516688009308, 0.030871397062492745, 0.043849909723136696, 0.0432828596743909, 0.05019382574173331, 0.033554395873855454, 0.04806766328576138, 0.0428264711037816, 0.03245906043245685, 0.023564575566391643, 0.05054621353257245, 0.03759552182563572, 0.040247063969637606, 0.05318410226236437, 0.0492609066100335, 0.02404746977849599, 0.03856159002752534, 0.025209708242198106, 0.04799928197281281, 0.04841921236476888, 0.03811550479441689, 0.03269938873876533, 0.054204331404983944, 0.025420864711191964, 0.02942781858110398, 0.03576631987068001, 0.033294004813829624, 0.040287432009243014, 0.04062219165506153, 0.04379861638744525, 0.03026238355119163, 0.03339735845163645, 0.04901256447710904, 0.04722235102217356, 0.021510422015068146, 0.030219873925962502, 0.0322199240152304, 0.04933989250711163, 0.022224447120309018]
Accuracy for q_SU4 :0.8294
Parameters:[ 0.65458521  0.429349    2.23057924  0.4368567  -1.24718297  0.14403118
  0.10984926  0.03248562 -1.2334332  -0.29260804 -0.54132487  0.60635168
 -0.73875278  0.37780277 -1.1448178   0.1712784  -0.55446372  0.5697471
  0.41369921  1.16875751 -0.63707614 -0.45243832  0.36248701 -1.14241031
 -0.32711597 -1.11958097  1.05509711 -0.13327927  2.6275848  -0.68844901
  0.87479385  0.22310742 -1.69414803  0.0400115   1.69387414 -0.12489258
 -0.15905927  0.42552451 -0.78823042  1.30662964 -0.49586388  0.02316414
  0.1833666  -0.05331256 -0.6807633  -1.03038708  0.54462528  0.48607157
 -0.50048231  0.03269796  2.09930232  0.35263267 -0.69372462 -0.16945204
 -0.68515261 -0.5583839  -0.11221673 -0.51983048 -0.2402163   0.86591983
  1.75342688  1.08705089  0.03886566  0.18391102 -0.21272953  1.15741454
  0.7959992  -0.09369295 -0.31962797 -0.35181857  0.74223293 -1.68940128
  0.85924633 -0.62382982 -0.16077976  0.03469647 -1.48183253  2.47234659
 -0.37176658  1.28318007  0.98587926 -0.33134854  0.15642528  1.60194623
  0.63123651 -1.66442393  0.0419079  -1.49042985 -0.79239358 -0.27855158
 -1.49306679 -1.22640467  0.03924829 -1.58301889 -1.41272611 -0.07249785
  0.19453261 -0.37043874  1.14388493  1.25676314 -0.56540787 -0.20726689
 -1.42789544  0.7248608   2.77341783 -0.06906003 -1.43033391 -0.0080149
  0.35157263 -1.34621499 -0.11132723 -0.67403753  0.09593831  0.48642149
  0.55596094 -0.06656539 -0.83889832 -0.28549058 -1.77541936  0.74812559
  0.62232248 -1.18424139  0.50439225 -0.32317876  0.95459475  1.1994581
  0.80590614 -0.05069848 -0.3573383   1.11522265  0.33614889  1.62375242
 -0.70060448 -1.11060114 -1.15936987 -0.59614672  0.62260577 -1.3357734
  1.33518481 -1.04255885  0.35948704  0.18862503 -2.00822061  0.9899619
 -1.97160848 -0.82900686  0.71908651 -0.12081291 -0.62073161 -0.03275484
 -0.43280415  0.41731213 -2.82256926 -1.16751047  0.78298399  0.31578065
  0.21716994 -0.96588438  2.9672732   0.01977038 -0.00427316  2.10981085
  0.9113749   0.8228936  -0.97355176  0.07567014  0.52171286  0.40478269
  0.91066313 -0.10677192 -0.80597773  0.25690173 -1.26533419  0.55285966
  0.41266322  0.21453183  0.51563958 -0.49663929 -0.68464547  0.77964125
  2.15419182 -0.20992409  0.76126342 -0.57454841  1.98056308 -1.31186897
  2.01152132 -0.80622845  1.30259138 -0.14585389  0.23552364  0.32003764
 -2.40812086  1.75356637  0.5401372   0.09473568  0.64818189  1.36784847
 -0.02795897  1.22643544 -1.81768705 -0.06085071 -0.4669758   1.44158118]

[0.6545852146659221, 0.4293490030415741, 2.230579239338701, 0.4368566996249226, -1.247182968904274, 0.1440311849408639, 0.10984926288402025, 0.03248562257139276, -1.2334331983961655, -0.29260804315443517, -0.5413248662510156, 0.6063516837712549, -0.7387527841847709, 0.37780277357094005, -1.1448178044672066, 0.1712783955693993, -0.5544637225090852, 0.569747100752923, 0.41369921244363894, 1.168757514261815, -0.6370761438311562, -0.4524383169797687, 0.3624870050220437, -1.1424103129651406, -0.32711596995323416, -1.1195809661978924, 1.0550971129822693, -0.1332792695704204, 2.6275847979709233, -0.6884490083584963, 0.8747938547417022, 0.22310742363786498, -1.6941480299149014, 0.04001149920596398, 1.6938741449309396, -0.12489257894363733, -0.15905926781196464, 0.425524509329717, -0.7882304184004353, 1.3066296427327833, -0.4958638755486107, 0.023164138829410583, 0.18336659987523926, -0.0533125587374574, -0.6807633008129294, -1.0303870775939459, 0.5446252821883449, 0.486071572894759, -0.5004823117259839, 0.03269796134206469, 2.0993023201378644, 0.3526326720417898, -0.6937246192685009, -0.16945204056628363, -0.6851526117477783, -0.5583838977862665, -0.11221673047982196, -0.5198304836945251, -0.2402162961981024, 0.8659198348473037, 1.7534268754564237, 1.087050889495927, 0.038865657838274566, 0.18391101675764482, -0.21272953470034756, 1.1574145417009816, 0.7959992037865333, -0.09369294834780809, -0.3196279702361298, -0.3518185729372792, 0.7422329321970276, -1.689401279420424, 0.8592463342356353, -0.6238298160948005, -0.1607797573741095, 0.03469647387468924, -1.4818325287731502, 2.4723465910397278, -0.3717665783702225, 1.2831800683259427, 0.9858792625323743, -0.3313485361667216, 0.1564252796765, 1.6019462273921707, 0.6312365056736141, -1.6644239330341029, 0.04190790078537002, -1.490429852675785, -0.7923935818424768, -0.2785515752192061, -1.4930667942073925, -1.226404671734136, 0.03924829105211955, -1.5830188868016386, -1.4127261073187989, -0.07249784545361398, 0.1945326056931259, -0.3704387414137826, 1.1438849345226212, 1.2567631389159581, -0.565407874679391, -0.20726689471348086, -1.4278954355948212, 0.7248608008537176, 2.773417825273613, -0.06906002774777, -1.4303339132064379, -0.008014899910230865, 0.3515726305349433, -1.3462149925232147, -0.11132723159168566, -0.674037527882442, 0.09593831047774086, 0.4864214893941127, 0.5559609414531536, -0.06656539184721091, -0.8388983181910717, -0.2854905798911772, -1.775419355176058, 0.7481255936234902, 0.6223224800145408, -1.184241390410756, 0.5043922486252115, -0.32317875553982806, 0.9545947453913605, 1.1994580976254101, 0.8059061420986185, -0.05069848147779823, -0.35733830415018325, 1.1152226461766246, 0.33614889224576444, 1.6237524198752067, -0.7006044834577784, -1.1106011394216646, -1.159369873552765, -0.5961467241550904, 0.622605771932444, -1.335773397275238, 1.335184808081055, -1.0425588472393879, 0.35948704087016087, 0.1886250332497489, -2.0082206050657443, 0.9899618977419916, -1.9716084812881016, -0.8290068600554961, 0.7190865146041749, -0.12081291317781079, -0.6207316124187959, -0.03275484497952588, -0.43280414634439296, 0.41731212675810836, -2.8225692596877923, -1.1675104695642733, 0.782983993154932, 0.31578064673193645, 0.21716993595178363, -0.9658843763871359, 2.96727320172244, 0.01977038355610978, -0.0042731612487192806, 2.1098108523621484, 0.9113749045374228, 0.8228935966371528, -0.9735517641067636, 0.07567013571953134, 0.5217128571716705, 0.4047826914537614, 0.9106631298427115, -0.10677191518313733, -0.8059777260444319, 0.2569017298037357, -1.2653341881681666, 0.5528596604320882, 0.4126632212118971, 0.2145318325501579, 0.5156395848227043, -0.4966392919387497, -0.6846454734069044, 0.7796412548816057, 2.154191815359548, -0.20992408630259873, 0.7612634209081184, -0.5745484096032679, 1.980563077416797, -1.311868973427991, 2.0115213235206126, -0.8062284498796183, 1.302591376768366, -0.14585388820453238, 0.23552364202645337, 0.3200376404772064, -2.40812085684053, 1.7535663747415626, 0.540137204835266, 0.09473567932556291, 0.6481818913275187, 1.367848472467963, -0.027958970059051808, 1.2264354385560305, -1.817687050746776, -0.06085071433414514, -0.4669757973863578, 1.4415811770351994]

